Id	SalePrice
1400	261704.4127
1401	15358.88854
1402	160029.427
1403	130667.4608
1404	206721.3462
1405	128765.3524
1406	201101.1238
1407	132623.2504
1408	159630.5417
1409	282937.2415
1410	171601.9403
1411	197692.0538
1412	209356.7519
1413	177366.9597
1414	240071.9596
1415	87707.52108
1416	176681.0387
1417	82057.13506
1418	123572.1797
1419	-7616.255646
1420	73253.82721
1421	154252.5536
1422	180696.5274
1423	213542.0867
1424	138880.1282
1425	118388.2876
1426	73880.82062
1427	129354.1927
1428	249929.1651
1429	191302.9212
1430	113456.6767
1431	264901.2721
1432	151773.9706
1433	73394.93063
1434	97377.33214
1435	194062.6302
1436	221495.0757
1437	222117.5311
1438	208543.157
1439	194756.6693
1440	109518.6196
1441	221081.6747
1442	253857.1438
1443	103161.3833
1444	171286.5643
1445	136082.7098
1446	97414.15656
1447	117279.4314
1448	163678.939
1449	194605.0591
1450	276175.9827
1451	183161.2048
1452	159333.0037
1453	188416.0512
1454	158302.7772
1455	158605.1617
1456	166691.0331
1457	203068.5242
1458	144000.8186
1459	221764.9094
1460	235356.1106
1461	121690.7416
1462	250391.0374
1463	272633.9172
1464	298351.6566
1465	220173.4022
1466	297679.5541
1467	205254.8889
1468	232302.583
1469	152692.8447
1470	117946.0591
1471	261320.0112
1472	255027.0215
1473	229130.5237
1474	219108.6553
1475	281781.2411
1476	288744.9417
1477	169716.5979
1478	145482.9482
1479	157665.1604
1480	187985.4584
1481	239846.2663
1482	127949.5762
1483	303677.3771
1484	255188.1439
1485	205588.4741
1486	171548.7461
1487	223489.1185
1488	273133.3754
1489	218914.9211
1490	235391.1679
1491	217024.3697
1492	157819.9465
1493	229110.2124
1494	147301.4136
1495	212689.2079
1496	248500.0227
1497	267697.6154
1498	208931.6975
1499	191053.1669
1500	139088.243
1501	253702.7655
1502	268371.6325
1503	226215.6574
1504	167610.8871
1505	168041.9908
1506	275114.3814
1507	73067.18684
1508	170631.8152
1509	216791.0388
1510	207143.4217
1511	235601.4842
1512	166716.2184
1513	207100.5277
1514	166600.5676
1515	123964.231
1516	210394.741
1517	191709.4579
1518	270780.6662
1519	126681.3965
1520	216483.1013
1521	256007.8654
1522	81394.59778
1523	97400.54247
1524	237574.6995
1525	332231.9636
1526	290775.4418
1527	253907.1873
1528	239695.805
1529	203608.8596
1530	253933.6968
1531	218271.2259
1532	239061.716
1533	258942.3625
1534	158556.9316
1535	71012.40532
1536	126449.7642
1537	156298.3067
1538	234613.8141
1539	200791.1488
1540	336167.565
1541	212668.304
1542	292689.8726
1543	163982.0671
1544	89253.58226
1545	176904.0252
1546	164216.0121
1547	145036.4078
1548	221238.4337
1549	180047.1707
1550	167650.2204
1551	200938.8843
1552	180943.2175
1553	266840.6757
1554	293241.4756
1555	276306.7985
1556	300808.3334
1557	294966.8773
1558	238207.2791
1559	97948.79847
1560	201474.9999
1561	225759.8417
1562	160398.8937
1563	116636.6354
1564	244967.3089
1565	133714.1537
1566	157713.5156
1567	63163.51857
1568	149597.5044
1569	158262.4727
1570	205559.7836
1571	186584.6442
1572	153029.7899
1573	131703.4376
1574	138886.7291
1575	173400.5826
1576	100018.6198
1577	44894.59646
1578	148680.7049
1579	63174.51732
1580	170675.5319
1581	149155.4131
1582	107517.5229
1583	121146.1744
1584	117321.76
1585	178731.0768
1586	179211.6305
1587	209905.222
1588	206999.4751
1589	269441.1832
1590	276705.3863
1591	171671.4736
1592	191260.1867
1593	172206.8181
1594	213803.5513
1595	191054.109
1596	169542.6955
1597	192101.2379
1598	245619.3113
1599	216837.7642
1600	-32396.33061
1601	116132.7485
1602	110856.4708
1603	31079.34753
1604	114905.269
1605	101962.7461
1606	60753.32399
1607	135776.8135
1608	160264.8935
1609	132158.3752
1610	122033.9599
1611	41740.60749
1612	52826.8298
1613	126682.9657
1614	192359.7428
1615	204285.8065
1616	158018.256
1617	52726.82536
1618	87839.81667
1619	145308.4766
1620	118179.5379
1621	105842.1346
1622	171771.0113
1623	102200.8152
1624	135936.2801
1625	203761.1186
1626	147293.5374
1627	91432.73349
1628	112603.768
1629	113685.059
1630	123566.3374
1631	81571.04299
1632	172889.4356
1633	142607.885
1634	162448.9844
1635	64742.2902
1636	160434.1969
1637	58816.45144
1638	127534.0885
1639	136200.9675
1640	62224.41869
1641	108175.9085
1642	67576.67974
1643	128144.3126
1644	129323.3322
1645	77373.15321
1646	206713.4348
1647	176570.0978
1648	107503.7323
1649	145246.4765
1650	88012.53118
1651	119729.3891
1652	172745.2648
1653	186063.9061
1654	153885.008
1655	184318.6803
1656	176658.3516
1657	218731.0838
1658	129525.1552
1659	136464.0485
1660	151432.0742
1661	188261.1456
1662	206482.9511
1663	201981.3796
1664	99804.17808
1665	151039.4666
1666	213341.7302
1667	136610.8208
1668	171925.7328
1669	196772.7555
1670	260489.4141
1671	261335.3107
1672	278081.2718
1673	254279.6953
1674	233769.3935
1675	246441.1903
1676	139559.4483
1677	124996.6346
1678	93858.00403
1679	145716.5084
1680	186588.4478
1681	171991.7661
1682	151173.3415
1683	164279.8839
1684	168828.2268
1685	120672.5928
1686	104975.6714
1687	75713.25465
1688	149749.0406
1689	185357.4338
1690	28689.11845
1691	264694.7391
1692	182165.9341
1693	61680.82324
1694	142320.3877
1695	328388.36
1696	275641.7599
1697	224380.6875
1698	170821.8292
1699	175585.6413
1700	143273.7904
1701	192486.2611
1702	182907.6112
1703	242151.6435
1704	257746.7901
1705	187487.943
1706	149673.3258
1707	218013.9335
1708	178620.4642
1709	218547.5051
1710	245688.2208
1711	238929.3589
1712	224107.5837
1713	129004.794
1714	232134.9827
1715	269010.0808
1716	274756.2036
1717	263163.8301
1718	251854.6919
1719	158409.4882
1720	237311.9918
1721	295580.299
1722	205131.8845
1723	269262.844
1724	245444.9842
1725	281247.3851
1726	203588.935
1727	288987.9673
1728	272102.7786
1729	274578.7851
1730	44035.76558
1731	159052.2074
1732	214089.5587
1733	233528.6383
1734	226480.5316
1735	256976.9538
1736	209367.4272
1737	240928.5506
1738	286633.9256
1739	244297.697
1740	209048.7723
1741	231298.1461
1742	109344.2948
1743	244708.8189
1744	204168.8749
1745	220780.7144
1746	167362.1532
1747	208399.0993
1748	232107.235
1749	179669.2487
1750	299408.8403
1751	249138.857
1752	220925.5107
1753	317468.92
1754	373897.8571
1755	273059.9902
1756	221496.8854
1757	159582.4982
1758	195348.7896
1759	249206.0945
1760	262478.879
1761	215226.5259
1762	321365.3491
1763	213207.0522
1764	199496.665
1765	221430.5303
1766	278708.7747
1767	239216.8192
1768	268191.4391
1769	186522.094
1770	154759.1002
1771	101848.9195
1772	194460.9646
1773	221825.2121
1774	114579.6474
1775	252782.8715
1776	279977.9879
1777	186306.3382
1778	313106.5114
1779	192064.771
1780	214249.4951
1781	152169.2868
1782	192546.1091
1783	226160.2114
1784	181281.8998
1785	172384.0602
1786	114600.0658
1787	348925.0627
1788	290775.2415
1789	242071.4628
1790	165241.6485
1791	218871.6377
1792	203925.4514
1793	195526.0168
1794	191948.2782
1795	111700.7626
1796	177887.5519
1797	250124.4507
1798	282775.9528
1799	177292.5388
1800	282807.4915
1801	32758.50138
1802	38708.72841
1803	38611.62827
1804	136352.7959
1805	91948.94613
1806	147338.5598
1807	88671.18562
1808	182210.4646
1809	168380.9689
1810	134578.056
1811	134594.3106
1812	100950.6888
1813	261434.0307
1814	154117.9579
1815	113596.3308
1816	176972.2642
1817	126504.4824
1818	244082.1855
1819	254335.165
1820	187402.4181
1821	46583.48607
1822	141839.0621
1823	136071.4435
1824	112555.325
1825	109319.1845
1826	136477.2741
1827	128566.9281
1828	144957.1616
1829	219816.0126
1830	260783.7382
1831	311355.298
1832	242676.9181
1833	166774.9482
1834	177307.0312
1835	205896.2418
1836	189211.8736
1837	152469.4624
1838	250829.2605
1839	169105.1989
1840	221504.434
1841	244222.4118
1842	125205.311
1843	244293.4775
1844	174836.2172
1845	180138.7336
1846	154543.4423
1847	242793.8005
1848	209341.6351
1849	220946.9942
1850	118903.6628
1851	172232.3887
1852	167088.8614
1853	300344.9868
1854	233150.4317
1855	313849.7185
1856	102307.4428
1857	208610.8473
1858	156473.9746
1859	190576.4072
1860	93038.3129
1861	113733.3775
1862	139382.3977
1863	66541.33853
1864	108238.2177
1865	104717.9661
1866	220004.0663
1867	204822.4504
1868	273629.9231
1869	242956.9946
1870	223681.377
1871	181373.9545
1872	211337.6089
1873	153255.7318
1874	138525.3856
1875	165139.4802
1876	120606.9204
1877	184805.1499
1878	178178.3253
1879	189636.1625
1880	116800.3611
1881	85035.55372
1882	216207.7583
1883	84586.01244
1884	138186.8899
1885	127391.449
1886	136034.928
1887	132251.4635
1888	141875.8204
1889	162424.0333
1890	69928.93912
1891	127637.6073
1892	146948.5526
1893	77562.62822
1894	185695.5431
1895	67249.1786
1896	157963.9997
1897	32612.05833
1898	151825.9998
1899	256829.965
1900	272071.4714
1901	193884.6064
1902	204427.5599
1903	192223.5832
1904	189012.8257
1905	249578.169
1906	161119.9961
1907	84150.51106
1908	95447.75653
1909	46408.23111
1910	981.4068905
1911	56449.05005
1912	89465.30348
1913	96200.76254
1914	143376.5299
1915	119743.6966
1916	-18878.39376
1917	35269.54822
1918	98287.86651
1919	154959.5403
1920	113764.0421
1921	158104.5787
1922	158916.1238
1923	175072.5889
1924	172473.461
1925	192066.6139
1926	215092.1764
1927	129280.1193
1928	113085.8333
1929	70065.53427
1930	177714.2859
1931	61398.86986
1932	130794.5512
1933	96829.3554
1934	121658.2768
1935	-29055.90496
1936	68847.04878
1937	137545.565
1938	107325.9504
1939	65045.52413
1940	92207.51245
1941	132494.9035
1942	90140.04887
1943	85348.65387
1944	163347.6322
1945	188241.229
1946	101229.2164
1947	188444.8407
1948	151719.3662
1949	105673.2669
1950	156957.2736
1951	195505.6368
1952	176657.9041
1953	138120.4482
1954	115695.0788
1955	154932.7101
1956	121867.9723
1957	192630.4293
1958	241808.5057
1959	227925.2131
1960	250545.3589
1961	179105.3547
1962	217837.9279
1963	67744.92055
1964	4761.690573
1965	218963.6263
1966	208573.7843
1967	206341.1519
1968	179485.642
1969	144612.5043
1970	133869.4755
1971	166753.7833
1972	148830.9807
1973	186023.6119
1974	79576.85711
1975	105175.4856
1976	122262.1602
1977	131351.0245
1978	191699.9993
1979	-62531.03712
1980	159092.122
1981	125466.1926
1982	173220.3594
1983	126265.881
1984	178079.0747
1985	204681.351
1986	208719.8181
1987	262401.9987
1988	173937.6954
1989	155032.4502
1990	282943.1074
1991	219915.8025
1992	224201.2491
1993	276363.4539
1994	213930.1024
1995	213727.7695
1996	227085.5639
1997	75576.22519
1998	162739.7713
1999	206359.2958
2000	160770.1379
2001	240693.8519
2002	264701.9143
2003	213358.0318
2004	262937.9911
2005	111086.3604
2006	207540.0225
2007	183909.2071
2008	350161.1708
2009	252987.1868
2010	300816.8595
2011	203353.1857
2012	206419.7304
2013	61220.18948
2014	189903.1724
2015	275646.1387
2016	208189.81
2017	253718.2454
2018	208009.8929
2019	242771.974
2020	237745.9532
2021	173220.0646
2022	219058.5999
2023	278039.7763
2024	207641.0888
2025	196097.4624
2026	214788.5171
2027	227975.0703
2028	284296.2758
2029	193016.9094
2030	214118.4584
2031	199451.9989
2032	239719.7371
2033	197546.8584
2034	201439.6792
2035	297661.0464
2036	259605.9884
2037	256712.7702
2038	358874.7416
2039	217808.9131
2040	207115.585
2041	160267.9649
2042	279875.4283
2043	222667.1938
2044	207903.4191
2045	295975.2013
2046	81516.49691
2047	228159.8274
2048	281076.7836
2049	247811.6179
2050	148420.7633
2051	201471.2998
2052	270030.478
2053	199569.9464
2054	198230.4619
2055	264112.0189
2056	233988.7066
2057	216237.5364
2058	260433.5201
2059	256985.487
2060	367882.8412
2061	262784.7152
2062	313212.3213
2063	175358.5419
2064	184551.0745
2065	184231.2229
2066	202038.3073
2067	213935.448
2068	233074.0064
2069	182262.2705
2070	150217.4639
2071	220145.716
2072	223697.3649
2073	155724.93
2074	250354.6557
2075	250555.9447
2076	238224.1357
2077	213540.8577
2078	173736.5053
2079	231098.6994
2080	232299.8144
2081	205321.1256
2082	252369.3626
2083	242634.831
2084	239369.3386
2085	260513.8793
2086	135271.4937
2087	188639.7518
2088	279024.5653
2089	137068.4404
2090	197475.3717
2091	196399.5631
2092	177498.487
2093	250659.5717
2094	155864.5596
2095	66965.84244
2096	115408.6722
2097	106246.1053
2098	139646.0358
2099	144574.99
2100	118340.698
2101	97225.57969
2102	59104.02515
2103	127473.2613
2104	207274.7489
2105	264879.6609
2106	165034.2119
2107	126814.9631
2108	146872.3522
2109	77435.57943
2110	263342.2602
2111	179637.6893
2112	261889.6604
2113	72025.03213
2114	82321.72437
2115	126308.4463
2116	87380.02937
2117	76230.29229
2118	259167.5616
2119	170921.8852
2120	183828.1046
2121	170009.5663
2122	187491.9349
2123	232317.2031
2124	192602.4889
2125	213847.3808
2126	188143.6848
2127	190551.7169
2128	141727.3652
2129	308766.9612
2130	294971.6171
2131	290516.6734
2132	213832.0156
2133	227857.5534
2134	225041.3225
2135	268753.2043
2136	244539.1167
2137	175343.7491
2138	111208.4754
2139	181012.4631
2140	204424.6668
2141	149823.6677
2142	167934.458
2143	215533.7943
2144	219519.2243
2145	229977.1384
2146	144795.6449
2147	114873.5725
2148	206490.444
2149	259070.8357
2150	256958.2747
2151	239656.8291
2152	232747.8935
2153	203948.5121
2154	278330.6404
2155	162692.6447
2156	429508.1503
2157	232989.8806
2158	224680.1174
2159	214465.3407
2160	231430.5147
2161	204357.9064
2162	96586.05974
2163	106930.11
2164	176804.6581
2165	191560.4297
2166	138145.8871
2167	130374.4173
2168	117432.7658
2169	202984.3916
2170	144853.0415
2171	150395.413
2172	150273.3508
2173	114855.0367
2174	198228.2661
2175	121678.6327
2176	55961.10472
2177	155669.9229
2178	229826.913
2179	217043.6729
2180	205594.1816
2181	269346.7525
2182	254315.6361
2183	320357.1673
2184	339021.5244
2185	213684.5723
2186	253413.4755
2187	272956.1567
2188	262289.2668
2189	246617.0427
2190	108819.4823
2191	165829.3468
2192	173817.5157
2193	162691.9461
2194	132192.1784
2195	162665.8997
2196	107225.0039
2197	167860.1895
2198	136157.1449
2199	170742.7032
2200	193627.2424
2201	225699.9279
2202	84280.197
2203	-20763.58478
2204	139584.0459
2205	154001.7253
2206	59222.08979
2207	104192.8282
2208	200978.7888
2209	110629.7252
2210	140378.0585
2211	33341.7574
2212	175941.9656
2213	161968.7585
2214	166089.3558
2215	159215.2807
2216	106685.2144
2217	221133.9938
2218	283756.3527
2219	275764.0859
2220	195491.4273
2221	172073.6063
2222	171791.7796
2223	175880.403
2224	257407.8982
2225	253646.3912
2226	125266.1441
2227	129555.4837
2228	142774.0426
2229	51162.97913
2230	73294.88544
2231	59952.23196
2232	101198.9629
2233	46828.50639
2234	20678.4435
2235	95814.68307
2236	108949.4627
2237	95210.82503
2238	28854.2024
2239	66899.08073
2240	111172.8017
2241	176275.7392
2242	133862.0226
2243	148046.0147
2244	213461.5188
2245	206693.4816
2246	177412.6256
2247	177090.1688
2248	124704.5367
2249	172277.0257
2250	173301.841
2251	150499.0379
2252	136330.8806
2253	156759.396
2254	149738.1917
2255	129848.6809
2256	167024.4444
2257	162348.0224
2258	147717.749
2259	195325.8984
2260	161355.9178
2261	202930.3334
2262	193355.8228
2263	124973.3086
2264	148749.0112
2265	139131.385
2266	96615.45277
2267	111513.4557
2268	132463.4266
2269	124904.315
2270	42872.07817
2271	27291.27403
2272	98165.71516
2273	87041.93631
2274	51587.11445
2275	86190.20369
2276	200217.2002
2277	142150.1037
2278	105951.9908
2279	75398.50092
2280	104676.7585
2281	135647.9821
2282	142917.4334
2283	118262.3959
2284	126885.9712
2285	188208.3484
2286	197232.5386
2287	133566.9204
2288	186000.7038
2289	104281.5098
2290	167376.7885
2291	123841.5916
2292	69665.20047
2293	215274.4149
2294	196653.8628
2295	201186.669
2296	159529.2407
2297	167012.5861
2298	164553.9255
2299	246251.5951
2300	243484.5839
2301	24856.88005
2302	219209.0588
2303	195646.4572
2304	164387.4584
2305	195669.3467
2306	180369.683
2307	198697.9911
2308	164237.6887
2309	147817.4205
2310	211396.7907
2311	191651.1771
2312	88932.85886
2313	90122.65433
2314	161763.2635
2315	85072.14816
2316	116337.735
2317	171365.8414
2318	71977.63663
2319	199659.737
2320	155626.8388
2321	146603.4461
2322	131153.481
2323	66961.24468
2324	183704.9007
2325	175356.4524
2326	249681.0691
2327	274942.4234
2328	226960.5582
2329	235381.1586
2330	265225.6525
2331	254653.1986
2332	191545.9937
2333	207403.6811
2334	112915.5968
2335	165134.6582
2336	139241.266
2337	252608.0044
2338	314653.5238
2339	293516.1415
2340	300898.7018
2341	204392.8223
2342	220363.3256
2343	206688.0757
2344	158890.2336
2345	298819.6606
2346	234436.4427
2347	225853.5286
2348	195649.6983
2349	136268.7307
2350	238272.9642
2351	193464.5034
2352	238512.8486
2353	250714.5845
2354	175910.5721
2355	256024.9328
2356	241596.5962
2357	261876.4347
2358	207856.0096
2359	239108.183
2360	201482.3378
2361	217378.517
2362	188431.6802
2363	199425.2975
2364	100099.6574
2365	220677.0515
2366	188051.0341
2367	110887.8541
2368	241911.0904
2369	224412.5046
2370	206658.4214
2371	248583.5193
2372	219798.2492
2373	208148.3677
2374	208477.908
2375	282417.7874
2376	260135.7657
2377	257183.3783
2378	260955.898
2379	258506.2045
2380	277180.7241
2381	239635.6521
2382	224114.4123
2383	219877.4143
2384	290187.6633
2385	196350.9906
2386	139828.2668
2387	131396.6367
2388	262246.0115
2389	184217.5329
2390	182292.289
2391	129142.8278
2392	316392.1894
2393	270581.0747
2394	233095.0858
2395	237375.3804
2396	286231.1459
2397	191157.036
2398	302508.8129
2399	187352.4746
2400	239502.0827
2401	212158.6526
2402	241093.2886
2403	138483.8957
2404	215614.8904
2405	214003.8414
2406	139318.4446
2407	241901.5248
2408	235098.0339
2409	124981.4678
2410	118632.6065
2411	173869.4513
2412	237116.9633
2413	186064.0849
2414	69768.17096
2415	261895.7181
2416	210950.2327
2417	193316.3229
2418	222954.5387
2419	227309.2194
2420	199437.4236
2421	208374.7694
2422	250164.415
2423	218356.1181
2424	252062.3762
2425	206801.9072
2426	64078.43429
2427	163176.0241
2428	260989.7051
2429	172035.0748
2430	335358.2426
2431	172178.4782
2432	220447.5794
2433	189522.2373
2434	262588.4455
2435	146102.4797
2436	177230.4854
2437	263001.3486
2438	311261.1268
2439	236477.2765
2440	223750.7783
2441	196308.5665
2442	217451.9912
2443	229339.7255
2444	130415.9378
2445	115662.6574
2446	110777.9214
2447	111052.4068
2448	144665.0774
2449	129826.9609
2450	191702.8826
2451	127803.4499
2452	75367.39176
2453	193003.33
2454	244222.6562
2455	167571.7733
2456	244161.341
2457	199762.1016
2458	126133.086
2459	90972.68846
2460	134907.1078
2461	101099.1666
2462	243569.6877
2463	189884.1051
2464	217875.3602
2465	249717.8398
2466	233254.6994
2467	266040.6449
2468	237023.1044
2469	302676.8079
2470	155362.3185
2471	114962.7494
2472	104123.3751
2473	114607.8358
2474	59098.60184
2475	70382.30627
2476	147674.0952
2477	153995.7429
2478	196268.1754
2479	194358.107
2480	126249.4113
2481	176251.1599
2482	184823.5542
2483	284856.8654
2484	169097.0357
2485	207461.2598
2486	199719.2325
2487	212875.5462
2488	181170.505
2489	-378589.0235
2490	262299.2418
2491	279337.795
2492	290855.3437
2493	215209.3732
2494	214705.473
2495	311059.6623
2496	258865.963
2497	121748.5555
2498	272153.7257
2499	212733.3449
2500	221042.6974
2501	220000.8953
2502	210822.1276
2503	111013.0052
2504	249664.8274
2505	197840.0235
2506	240240.6616
2507	220101.46
2508	233386.8051
2509	248136.5642
2510	210156.9759
2511	233299.4794
2512	88942.65744
2513	288075.107
2514	241905.2587
2515	277920.5631
2516	242087.4004
2517	260405.056
2518	335365.4803
2519	186309.794
2520	242428.0784
2521	315747.828
2522	153456.3595
2523	232236.8343
2524	179029.5215
2525	185566.4006
2526	164989.9874
2527	207947.5261
2528	231561.3698
2529	136093.0169
2530	54220.83958
2531	171524.418
2532	184449.3667
2533	183857.8705
2534	183879.5271
2535	72928.04478
2536	153393.9807
2537	51117.46983
2538	75535.43409
2539	182874.6526
2540	214290.4895
2541	285368.5547
2542	330705.3777
2543	278009.1199
2544	254006.3202
2545	212790.1907
2546	135503.9169
2547	151449.2936
2548	165493.0857
2549	266131.1348
2550	222282.0765
2551	216294.5958
2552	253771.5761
2553	232796.4588
2554	212611.5836
2555	166865.6643
2556	166684.1681
2557	66603.33542
2558	79026.1071
2559	137388.0097
2560	128117.902
2561	121263.4743
2562	67253.14448
2563	49657.52118
2564	104531.1882
2565	178051.6838
2566	215485.5449
2567	27098.96965
2568	-11520.49416
2569	70338.28981
2570	20276.39082
2571	20854.06391
2572	127230.7316
2573	65198.68261
2574	164659.1056
2575	65951.00715
2576	151653.6094
2577	114909.849
2578	140610.2231
2579	196950.8378
2580	277936.453
2581	203001.8042
2582	157471.0493
2583	171392.9962
2584	206261.9318
2585	201985.1301
2586	176699.1192
2587	225508.8528
2588	247198.0097
2589	239100.1396
2590	183531.2629
2591	63556.2545
2592	138021.6919
2593	164751.2894
2594	109875.5251
2595	41067.40079
2596	83058.2065
2597	107479.7447
2598	85952.03732
2599	95131.13968
2600	120912.2835
2601	95218.00077
2602	90444.99502
2603	136024.9902
2604	123821.2226
2605	98304.65965
2606	138723.6124
2607	135236.9758
2608	199452.0057
2609	49027.1085
2610	137967.0116
2611	196538.0251
2612	202689.1414
2613	190298.5247
2614	227477.2615
2615	114277.9904
2616	140854.4718
2617	75316.4576
2618	107919.8386
2619	91794.95279
2620	21235.90596
2621	92258.41863
2622	-17381.89207
2623	48368.91473
2624	74110.31844
2625	68129.56097
2626	168136.3945
2627	150662.2317
2628	208314.0167
2629	63411.77396
2630	164318.7257
2631	220994.8544
2632	173571.0031
2633	185298.2013
2634	111398.8174
2635	130128.0003
2636	144603.2218
2637	91877.88978
2638	204101.2863
2639	213186.3196
2640	166543.4515
2641	197417.5979
2642	197192.3984
2643	236823.1079
2644	244318.1438
2645	221602.2545
2646	204416.7377
2647	244210.5661
2648	253586.4326
2649	249075.6134
2650	-85380.37077
2651	57869.0713
2652	196687.278
2653	213166.8956
2654	187382.4877
2655	200746.8092
2656	121034.075
2657	143786.9551
2658	175446.3325
2659	123368.3829
2660	240180.4344
2661	129773.853
2662	210724.291
2663	233424.8698
2664	240090.3785
2665	225502.8957
2666	179848.3832
2667	163843.8832
2668	208933.7242
2669	214362.1506
2670	246378.4282
2671	241340.3789
2672	209034.4156
2673	192588.231
2674	233274.859
2675	138690.2039
2676	276077.5615
2677	205105.2352
2678	166644.8701
2679	195730.4063
2680	208171.5264
2681	114626.2127
2682	188230.6488
2683	224422.4246
2684	211224.5196
2685	261413.1157
2686	183781.4922
2687	289121.7817
2688	217755.4628
2689	202754.9051
2690	247904.5472
2691	91109.96763
2692	271749.2008
2693	17606.47479
2694	198397.8682
2695	306633.5624
2696	285075.9702
2697	283838.3967
2698	210724.9225
2699	172367.1399
2700	145666.4537
2701	177331.8212
2702	129965.4517
2703	206093.2283
2704	69834.28694
2705	223500.6452
2706	329017.6061
2707	209077.3483
2708	256354.855
2709	216056.8695
2710	259014.2557
2711	231704.9134
2712	205851.9798
2713	203478.3287
2714	199102.1553
2715	210740.7208
2716	180973.2621
2717	210617.972
2718	211200.8819
2719	255171.2576
2720	266858.0748
2721	285833.9065
2722	254222.9789
2723	269942.158
2724	222573.4831
2725	341241.9343
2726	216835.5165
2727	290791.6211
2728	115194.5216
2729	257524.1101
2730	191570.3051
2731	291356.6199
2732	139751.7679
2733	295709.7824
2734	223979.1106
2735	281697.4529
2736	83777.72355
2737	217981.3084
2738	208961.7129
2739	263524.6156
2740	270635.4358
2741	185713.3134
2742	162338.6032
2743	251499.8768
2744	282887.7791
2745	265249.5143
2746	261911.1681
2747	187684.7404
2748	229085.74
2749	244598.6151
2750	147316.4212
2751	185264.822
2752	166995.8917
2753	176979.1665
2754	228350.1423
2755	131223.9195
2756	259980.1523
2757	244677.1004
2758	127736.0367
2759	237226.6837
2760	190301.8676
2761	115301.5629
2762	4801.845528
2763	205860.2341
2764	215074.2028
2765	212965.674
2766	160011.8175
2767	73238.38474
2768	211029.2747
2769	136703.4554
2770	200940.4065
2771	181058.0334
2772	152738.8833
2773	132390.7026
2774	138420.2095
2775	94666.20438
2776	183452.1809
2777	226986.5472
2778	107426.2292
2779	204989.5498
2780	145560.5899
2781	109695.1098
2782	167399.6009
2783	192657.2692
2784	274301.0419
2785	127087.2687
2786	118699.4991
2787	141275.4076
2788	120420.7577
2789	54892.01437
2790	65820.59722
2791	80453.18115
2792	94591.68376
2793	237782.0122
2794	184282.7816
2795	142930.4237
2796	151023.6989
2797	197585.1887
2798	175042.6084
2799	157758.864
2800	203126.584
2801	80316.41487
2802	249625.3351
2803	90901.03099
2804	268171.0596
2805	162615.6948
2806	277719.7519
2807	185665.8395
2808	150941.1525
2809	181437.7339
2810	222662.3347
2811	357662.1682
2812	250228.0666
2813	208126.7508
2814	203075.1868
2815	163567.7862
2816	258276.7049
2817	143778.145
2818	185902.07
2819	238631.7993
2820	202116.2453
2821	210617.7702
2822	161049.3397
2823	115331.8383
2824	133882.9771
2825	72876.23029
2826	222988.0528
2827	243718.3858
2828	290330.0275
2829	305809.5931
2830	142242.6635
2831	294146.6024
2832	197046.5384
2833	243529.9924
2834	173185.3239
2835	173048.2941
2836	174779.2347
2837	173022.3941
2838	151512.6771
2839	160788.4374
2840	96688.21166
2841	218041.1437
2842	110656.1822
2843	94132.6875
2844	293605.3541
2845	167683.3671
2846	245976.395
2847	244405.7263
2848	212856.9815
2849	367031.3447
2850	293608.5241
2851	179585.72
2852	280830.0341
2853	277727.0305
2854	281707.0915
2855	271310.5674
2856	194217.4394
2857	193156.0334
2858	111968.5955
